66,6 166 83,4 178 78,7 190 88,7 190 67,3 162
92,0 194 81,9 190 76,5 174 68,2 167 82,6 193
77,0 181 54,0 157 75,5 177 54,0 157 67,3 162
88,7 190 88,5 193 69,6 168 83,4 178 76,0 179
78,0 175 83,2 196 70,8 164 64,0 173 75,9 182
82,0 175 79,1 173 76,2 170 87,9 185 77,3 174
56,6 158 56,6 158 86,5 179 77,6 174 88,7 190
70,6 178 83,3 180 73,3 160 70,8 164 76,2 170
71,6 165 70,6 178 56,6 158 72,1 171 82,0 175
86,5 191 80,3 172 77,8 180 76,6 178 71,6 174
79,0 184 56,9 154 73,1 177 69,4 168 55,2 151
60,1 159 50,3 145 69,4 177 71,0 171 60,9 167
60,1 159 69,2 176 62,6 172 59,3 155 67,3 171
70,4 173 59,5 164 55,2 156 68,4 167 58,8 158
62,7 163 58,5 151 51,5 147 53,1 154 47,5 149
63,4 170 64,9 159 62,2 163 70,7 172 68,1 166
70,3 169 57,0 157 60,2 168 51,4 148 56,8 161
65,9 169 67,1 164 66,3 170 49,6 144 64,9 162
62,5 163 55,5 147 52,6 145 66,9 175 68,1 165
54,7 156 62,8 166 72,4 182 59,7 155 59,1 165
58,0 163 63,8 168 64,8 170 75,1 180 68,0 167
70,2 176 65,2 170 62,0 164 64,8 162 60,9 159
69,8 162 67,8 168 76,3 175 71,3 174 68,8 167
61,9 161 62,1 158 62,5 160 58,1 161 70,4 172
65,0 167 67,9 170 62,5 167 62,4 166 55,6 161
68,4 168 60,1 157 68,5 167 62,2 165 63,6 163
72,6 174 74,4 179 63,1 161 65,5 165 77,1 180
76,8 178 59,5 159 72,7 180 56,4 154 63,8 164
67,1 170 75,8 180 63,2 170 57,0 157 65,7 162
65,0 163 63,9 163 61,4 164 72,0 177 65,6 161
76,0 181 66,3 169 67,9 174 72,1 176 74,7 185
69,7 168 67,7 168 79,6 178 68,9 171 66,9 167
70,7 173 68,3 176 73,9 181 84,7 194 64,5 165
77,0 190 71,1 177 71,4 177 73,9 183 56,4 154
72,7 168 76,6 181 74,2 178 68,6 174 75,7 178
66,8 168 68,7 169 55,3 155 67,2 169 65,7 165
69,5 166 67,4 174 66,8 164 73,9 176 67,5 164
91,8 207 80,1 179 65,0 168 81,9 191 72,4 182
71,6 176 69,7 174 72,4 170 63,8 162 78,7 181
76,9 179 69,9 168 77,2 184 78,3 186 64,2 169
64,4 160 70,9 160 71,5 183 79,2 179 63,3 154
72,3 187 64,3 170 53,2 157 70,6 160 77,1 184
79,8 171 62,0 172 71,7 172 74,9 188 71,4 171
76,6 164 84,3 197 76,7 184 66,3 171 76,6 180
81,4 195 63,4 173 79,0 195 82,4 179 78,7 185
74,8 171 61,6 166 70,6 174 72,4 175 75,1 178
71,8 176 73,7 174 70,2 175 84,3 192 73,4 183
64,8 178 94,4 201 72,7 176 68,3 166 77,3 173
70,9 173 80,4 189 78,0 190 69,7 167 64,4 168
70,5 175 68,7 169 69,6 179 64,5 170 61,8 166
56,7 148 82,2 183 90,2 195 77,2 179 69,4 173
82,0 190 69,9 181 87,1 190 73,1 179 69,4 166
67,5 165 86,4 206 77,0 188 87,5 207 81,5 186
68,4 174 72,2 189 78,2 180 76,1 178 71,5 172
77,8 188 77,2 185 70,7 179 81,8 179 79,2 178
71,5 174 71,7 183 82,7 188 66,7 184 75,2 183
74,4 179 73,4 179 76,8 182 68,0 186 69,6 173
77,9 181 78,5 191 74,3 182 73,9 177 73,9 187
74,5 176 80,6 193 80,3 180 92,5 207 80,9 196
70,0 182 88,9 193 82,7 189 78,9 188 76,0 175
60,2 158 59,5 156 62,0 159 74,2 177 69,7 163
53,9 151 80,7 181 77,9 174 76,7 168 76,5 174
72,5 179 64,0 158 73,7 176 73,3 164 70,3 173
77,6 178 64,7 161 58,9 156 63,3 167 71,9 170
61,6 169 78,6 175 69,2 154 68,1 155 57,7 158
65,6 165 62,0 168 75,3 172 55,1 152 72,7 163
54,1 148 57,2 149 61,0 160 73,8 177 65,3 166
59,2 153 69,6 171 55,7 157 61,6 160 68,5 172
60,6 157 71,8 164 68,1 167 60,6 161 68,9 159
52,8 158 61,8 157 70,7 171 56,0 156 80,5 177
76,1 175 53,8 162 78,3 177 74,4 177 61,7 165
74,1 170 84,1 186 62,8 170 75,9 168 81,7 183
69,2 168 76,9 173 59,2 152 69,1 168 67,8 166
73,3 162 85,3 195 67,9 170 72,7 163 65,9 164
78,2 179 67,5 171 71,5 167 69,1 172 79,0 187
79,4 186 85,5 185 67,1 167 70,8 174 63,0 168
69,4 168 70,5 169 60,1 163 76,5 179 81,6 177
66,3 158 76,4 181 74,1 172 80,7 192 74,0 172
64,5 160 78,0 168 58,1 149 64,3 163 66,1 165
79,4 183 70,9 169 65,5 162 67,8 171 78,9 177
74,1 173 75,1 169 70,7 170 69,3 170 72,9 177
78,8 182 85,7 193 79,3 177 69,0 175 55,9 147
73,3 173 80,7 186 70,5 165 78,5 182 76,7 188
78,9 180 75,1 167 68,6 170 70,7 174 69,9 171
78,8 187 68,4 166 66,3 155 56,8 159 72,1 174
61,5 163 64,9 161 72,9 182 62,5 163 76,5 174
75,1 174 70,3 163 73,2 171 74,3 176 81,2 188
62,1 163 54,0 154 69,2 167 73,1 179 79,1 174
85,8 190 73,6 179 73,3 175 72,9 163 66,3 162
76,2 174 81,4 188 82,8 190 76,8 177 79,0 184
95,0 193 81,2 180 74,4 174 67,3 170 85,1 185
81,5 177 87,1 186 74,4 174 74,9 177 62,5 167
76,8 179 71,5 171 65,2 165 78,5 179 68,4 169
79,6 183 57,6 160 75,5 179 68,8 169 71,0 174
84,0 185 70,8 173 86,5 187 62,4 167 66,2 169
68,9 170 82,7 180 57,9 164 87,5 181 58,6 160
81,3 177 73,1 173 85,3 184 78,6 177 100,7 198
78,0 177 73,3 178 80,6 185 56,7 162 82,3 186
79,2 179 75,7 176 62,4 168 73,0 174 76,5 178
77,8 176 88,2 184 73,3 172 75,8 177 80,4 178
69,3 172 77,7 188 71,7 173 71,0 180 68,6 176
62,1 172 79,2 183 68,7 177 76,8 183 82,9 188
76,3 184 68,4 177 84,0 186 82,9 191 75,2 181
77,7 186 81,9 185 69,8 169 73,0 184 59,0 168
67,2 183 75,4 185 69,6 185 72,2 182 70,4 175
82,7 194 59,7 172 73,4 180 76,1 186 73,0 176
64,3 164 73,1 173 67,8 173 54,2 170 73,4 181
84,2 194 72,8 176 67,9 176 62,6 172 74,1 178
76,2 183 80,6 182 77,9 183 59,7 166 72,6 178
65,6 172 84,4 186 78,0 189 78,7 194 68,3 176
69,7 145 66,5 152 79,4 173 73,6 157 71,0 153
72,8 159 78,6 158 66,2 154 82,3 166 80,6 167
71,5 151 67,6 154 84,2 162 78,5 163 75,5 157
78,0 165 80,4 165 76,0 157 69,8 153 73,4 160
72,3 153 84,3 174 72,9 161 79,5 161 62,0 148
68,1 152 75,5 161 64,6 153 72,4 159 80,0 172
72,1 156 75,1 165 68,2 152 64,4 149 62,8 144
93,2 179 76,9 160 65,3 149 77,6 155 70,0 155
71,5 154 85,6 170 84,0 177 70,5 159 84,2 168
84,7 170 90,2 176 67,0 158 62,7 154 79,1 156
78,9 174 50,4 158 68,2 171 70,4 168 60,6 164
80,5 180 63,4 158 66,4 164 68,4 162 67,8 163
60,0 159 64,4 162 49,3 152 74,1 174 80,5 179
66,1 165 60,8 156 64,4 155 74,5 170 57,7 161
78,2 173 70,8 167 63,8 159 45,7 143 71,5 175
83,9 183 59,9 153 63,4 165 49,2 150 68,4 167
71,5 170 56,9 159 61,3 164 70,2 163 75,2 170
58,6 160 58,5 159 72,8 174 74,5 172 76,5 170
72,1 170 69,1 167 51,9 150 70,1 164 66,3 167
50,6 152 66,2 164 74,0 174 63,6 161 60,3 161
69,5 170 82,0 183 74,9 172 60,8 160 71,8 172
75,4 173 58,8 157 81,2 178 66,2 173 66,9 168
64,5 164 82,7 179 63,6 168 72,6 165 56,2 151
74,1 169 70,4 176 66,3 162 56,7 151 62,8 159
62,6 165 76,4 179 60,9 156 72,2 175 69,8 171
71,1 170 58,6 157 78,8 179 82,1 188 60,7 156
51,7 152 67,7 170 69,2 168 76,7 181 68,7 176
73,5 179 79,1 165 67,7 171 77,0 176 68,1 167
69,5 168 53,6 153 80,0 181 79,2 177 72,9 172
65,8 160 53,6 159 60,4 157 64,6 168 58,6 159
75,2 176 76,2 179 76,6 180 70,0 169 67,2 164
70,0 169 71,0 170 66,4 164 77,5 183 71,1 166
70,5 173 70,7 170 76,2 176 70,8 175 69,8 164
61,3 160 70,7 175 68,6 172 76,7 172 59,8 156
55,3 151 71,6 169 67,8 164 62,3 163 91,5 199
75,8 173 78,3 178 62,2 165 70,3 169 89,0 198
75,9 179 78,8 182 65,7 165 69,6 166 71,1 168
74,2 170 63,7 158 64,8 163 73,4 173 70,4 168
75,1 181 78,7 180 69,6 165 59,9 150 70,0 162
62,4 155 77,0 178 85,5 193 67,8 163 72,1 172
68,0 171 86,2 183 79,6 181 77,6 178 78,9 175
67,0 173 77,8 174 77,4 177 67,9 168 71,6 173
71,8 174 86,2 197 62,6 168 75,2 177 86,7 183
72,6 172 75,7 182 66,3 169 76,5 182 75,4 172
74,4 178 80,5 174 75,0 172 68,8 178 72,8 175
61,1 164 66,6 173 73,0 171 60,7 167 63,3 166
75,5 174 67,1 172 71,9 174 69,8 172 68,0 166
71,3 174 84,6 185 79,2 180 81,9 181 81,0 178
71,5 172 61,0 161 68,4 167 73,0 170 83,8 182
74,3 178 64,1 170 81,9 180 81,4 182 73,0 174
57,3 165 86,3 191 67,4 173 70,0 178 71,3 180
79,0 186 79,2 184 69,7 175 80,8 190 72,4 182
81,7 184 71,4 179 73,4 184 74,6 182 76,7 180
83,9 195 79,7 185 71,0 180 83,7 195 49,2 155
68,7 177 79,8 184 72,9 186 82,6 186 74,1 179
60,7 172 67,3 181 60,7 172 77,1 190 80,4 190
74,3 182 67,4 176 69,6 180 67,3 175 76,9 190
56,8 160 67,2 179 64,8 178 77,8 183 79,0 194
70,1 177 75,8 184 66,1 178 67,5 173 87,1 194
87,8 193 75,6 181 78,0 184 61,5 173 74,4 183
70,4 159 81,3 162 77,0 158 69,9 158 66,7 148
79,8 169 81,9 161 70,2 166 73,9 155 82,1 159
60,7 159 97,3 179 73,3 155 76,9 166 65,1 152
70,8 154 73,8 150 66,6 152 64,2 153 80,0 159
70,9 164 64,5 157 70,2 157 74,7 163 80,3 163
82,7 165 76,7 168 75,8 154 83,8 162 73,5 159
76,0 156 85,4 163 84,2 161 75,9 162 82,1 165
69,0 159 82,8 168 81,2 160 79,4 161 79,6 160
86,1 166 67,9 158 83,7 169 74,0 153 56,6 150
79,2 152 70,7 156 77,9 167 75,7 153 72,3 157
64,4 158 66,5 163 69,2 172 69,8 166 77,2 177
69,1 165 55,9 151 60,8 164 66,5 166 77,6 172
81,7 173 71,0 164 66,6 154 58,4 163 75,8 171
70,2 166 54,3 156 54,8 158 59,9 165 77,7 175
68,8 165 52,4 146 69,7 163 60,5 171 51,1 166
63,6 139 60,0 163 47,8 148 63,7 171 67,8 158
60,6 161 78,5 173 59,3 156 62,5 167 61,2 165
55,6 150 82,6 174 61,8 154 77,6 172 50,9 151
55,1 156 69,8 169 50,2 159 64,4 166 70,0 162
64,2 159 60,8 167 85,9 186 52,1 153 65,5 160
74,7 174 79,9 191 64,0 159 73,4 173 55,1 160
79,6 180 67,0 174 71,2 164 64,2 169 73,9 172
82,9 184 64,5 165 54,4 158 76,6 188 74,6 181
68,6 173 69,6 172 65,8 172 59,3 160 71,5 178
58,3 160 58,4 162 58,1 155 69,8 169 74,0 163
52,5 164 65,2 159 71,7 174 83,1 179 76,8 170
59,2 154 72,3 173 81,9 191 64,1 165 63,3 159
67,2 163 65,9 163 70,0 159 60,2 150 65,2 164
66,9 154 62,4 162 67,6 170 75,7 173 58,2 157
63,3 162 58,5 160 67,7 171 71,9 165 63,2 167
69,6 173 72,1 172 74,4 177 80,1 182 81,9 188
66,0 165 74,2 174 66,7 164 73,0 169 83,8 186
80,7 184 64,1 171 73,3 173 85,3 198 68,2 170
82,2 178 69,6 166 70,9 169 61,0 155 75,8 170
68,2 176 70,1 169 65,7 163 69,9 167 74,9 166
67,7 171 68,2 184 61,2 157 65,6 168 71,0 178
60,7 161 80,9 177 70,2 178 77,9 183 74,0 176
68,8 171 62,6 161 72,4 166 55,6 155 69,9 164
71,5 171 72,8 175 72,1 179 70,5 163 76,4 175
73,0 169 83,8 189 66,2 162 74,7 176 78,1 176
85,8 186 67,7 177 67,9 167 66,6 170 80,4 178
57,7 159 76,1 179 78,8 175 73,6 175 80,5 182
76,0 177 70,3 178 77,7 184 83,9 181 72,8 171
68,9 174 55,4 156 70,0 174 86,7 186 66,1 163
75,7 179 92,5 194 85,7 181 86,9 185 83,4 178
72,1 178 71,8 177 63,2 161 70,3 169 82,0 181
76,4 180 82,5 183 65,6 167 79,4 174 61,7 162
71,0 172 69,4 176 76,7 184 72,6 174 65,4 165
74,7 176 54,0 160 62,5 169 57,4 167 76,5 176
75,4 180 63,9 170 76,7 175 76,9 175 83,6 183
66,9 190 78,4 188 46,0 162 66,2 174 65,6 178
74,7 178 68,9 174 76,8 191 70,7 176 77,6 183
70,7 172 77,6 182 75,7 185 69,6 178 75,2 186
58,0 174 67,1 183 71,0 180 68,5 169 70,0 163
73,4 186 80,6 193 88,3 191 77,2 188 62,3 176
71,8 179 63,0 164 77,0 187 62,3 173 80,8 192
69,2 171 71,3 178 78,2 183 65,2 176 70,4 179
79,3 179 62,5 173 62,8 173 85,3 189 66,0 173
66,9 171 82,8 190 71,8 181 60,9 175 76,1 188
75,6 185 75,4 190 64,3 173 69,2 178 67,0 169
75,8 155 79,7 168 69,4 155 71,2 159 82,5 164
69,5 152 85,3 171 63,7 143 70,3 162 77,3 156
67,3 159 71,7 161 64,0 155 79,5 159 71,3 150
66,0 149 69,6 165 70,5 160 78,6 161 73,6 154
72,2 157 85,5 171 67,6 164 77,3 157 71,4 150
74,1 157 87,6 172 69,4 152 83,5 167 78,2 168
73,8 167 70,3 157 62,6 148 75,5 163 75,4 163
80,6 171 73,6 169 65,7 143 69,6 151 83,6 180
77,2 156 71,9 152 72,2 154 76,1 154 72,2 165
75,2 171 84,2 165 79,7 160 67,1 159 82,7 166
81,1 181 66,9 162 53,5 152 70,1 176 82,7 179
75,0 176 69,0 154 70,4 171 50,5 147 72,8 164
67,8 168 63,5 166 65,9 165 86,6 185 68,9 164
67,5 167 53,8 168 66,5 170 77,1 175 77,1 177
47,0 143 70,8 167 63,0 162 67,7 159 76,0 166
73,8 165 66,6 164 63,3 168 54,9 157 70,6 167
54,2 141 49,5 153 57,1 152 53,1 155 71,0 174
73,0 172 47,2 149 57,5 162 70,4 165 70,8 170
66,6 169 66,4 168 58,6 166 64,0 161 64,3 155
62,5 159 79,1 177 70,9 169 66,1 167 57,1 143
62,7 168 86,5 179 85,6 188 75,6 168 84,5 188
91,4 197 81,7 185 77,0 181 63,6 164 79,9 183
77,3 174 62,7 168 87,9 185 80,5 175 86,5 191
70,5 169 82,6 193 87,4 184 68,2 167 72,7 174
78,7 190 76,6 178 73,3 160 74,4 166 78,1 172
71,6 165 72,7 174 87,4 184 79,4 176 71,6 165
67,4 162 75,6 168 76,5 177 85,7 185 74,7 170
76,8 177 75,9 169 76,7 179 81,9 190 71,6 174
96,5 194 75,3 177 77,0 181 75,5 177 75,9 182
91,4 197 70,1 183 73,2 178 76,6 178 88,7 190