0,0000098
0,0506
0,216
0,484
0,831
1,24
1,69
2,18
2,70
3,25
3,82
4,40
5,01
5,63
6,26
6,91
7,56
8,23
8,91
9,59
10,3
11,0
11,7
12,4
13,1
13,8
14,6
15,3
16,0
16,8
20,6
24,4
28,4
32,4
52,9
74,2
0,0039
0,103
0,352
0,711
1,15
1,64
2,17
2,73
3,33
3,94
4,57
5,23
5,89
6,57
7,26
7,96
8,67
9,39
10,1
10,9
11,6
12,3
13,1
13,8
14,6
15,4
16,2
16,9
17,7
18,5
22,5
26,5
30,6
34,8
56,1
77,9
0,015
0,211
0,584
1,06
1,61
2,20
2,83
3,49
4,17
4,87
5,58
6,30
7,04
7,79
8,55
9,31
10,1
10,9
11,7
12,4
13,2
14,0
14,8
15,7
16,5
17,3
18,1
18,9
19,8
20,6
24,8
29,1
33,4
37,7
59,8
82,4
2,71
4,61
6,25
7,78
9,24
10,6
12,0
13,4
14,7
16,0
17,3
18,5
19,8
21,1
22,3
23,5
24,6
26,0
27,2
28,4
29,6
30,8
32,0
33,2
34,4
35,6
36,7
37,9
39,1
40,3
46,1
51,8
57,5
63,2
91,1
118,5
3,84
5,99
7,81
9,49
11,1
12,6
14,1
15,5
16,9
18,3
19,7
21,0
22,4
23,7
25,0
26,3
27,6
28,9
30,1
31,4
32,7
33,9
35,2
36,4
37,7
38,9
40,1
41,3
42,6
43,8
49,8
55,8
61,7
67,5
96,2
124,3
5,02
7,38
9,35
11,1
12,8
14,4
16,0
17,5
19,0
20,5
21,9
23,3
24,7
26,1
27,5
28,8
30,2
31,5
32,9
34,2
35,5
36,8
38,1
39,4
40,6
41,9
43,2
44,5
45,7
47,0
53,2
59,3
65,4
71,4
100,8
129,6
6,63
9,21
11,3
13,3
15,1
16,8
18,5
20,1
21,7
23,2
24,7
26,2
27,7
29,1
30,6
32,0
33,4
34,8
36,2
37,6
38,9
40,3
41,6
43,0
44,3
45,6
47,0
48,3
49,6
50,9
57,3
63,7
70,0
76,2
106,4
135,6
7,88
10,6
12,8
14,9
16,7
18,5
20,3
22,0
23,6
25,2
26,8
28,3
29,8
31,3
32,8
34,3
35,7
37,2
38,6
40,0
41,4
42,8
44,2
45,6
46,9
48,3
49,6
51,0
52,3
53,7
60,3
66,8
73,2
79,5
110,3
140,2