0,00 0,3989 0,0000
0,01 0,3989 0,0040
0,02 0,3989 0,0080
0,03 0,3988 0,0120
0,04 0,3986 0,0160
0,05 0,3984 0,0199
0,06 0,3982 0,0239
0,07 0,3980 0,0279
0,08 0,3977 0,0319
0,09 0,3973 0,0359
0,10 0,3970 0,0398
0,11 0,3965 0,0438
0,12 0,3961 0,0478
0,13 0,3956 0,0517
0,14 0,3951 0,0557
0,15 0,3945 0,0596
0,16 0,3939 0,0636
0,17 0,3932 0,0675
0,18 0,3925 0,0714
0,19 0,3918 0,0753
0,20 0,3910 0,0793
0,21 0,3902 0,0832
0,22 0,3894 0,0871
0,23 0,3885 0,0910
0,24 0,3876 0,0948
0,25 0,3867 0,0987
0,26 0,3857 0,1026
0,27 0,3847 0,1064
0,28 0,3836 0,1103
0,29 0,3825 0,1141
0,30 0,3814 0,1179
0,31 0,3802 0,1217
0,32 0,3790 0,1255
0,33 0,3778 0,1293
0,34 0,3765 0,1331
0,35 0,3752 0,1368
0,36 0,3739 0,1406
0,37 0,3726 0,1443
0,38 0,3712 0,1480
0,39 0,3697 0,1517
0,40 0,3683 0,1554
0,41 0,3668 0,1591
0,42 0,3653 0,1628
0,43 0,3637 0,1664
0,44 0,3621 0,1700
0,45 0,3605 0,1736
0,46 0,3589 0,1772
0,47 0,3572 0,1808
0,48 0,3555 0,1844
0,49 0,3538 0,1879
0,50 0,3521 0,1915
0,51 0,3503 0,1950
0,52 0,3485 0,1985
0,53 0,3467 0,2019
0,54 0,3448 0,2054
0,55 0,3429 0,2088
0,56 0,3410 0,2123
0,57 0,3391 0,2157
0,58 0,3372 0,2190
0,59 0,3352 0,2224
0,60 0,3332 0,2257
0,61 0,3312 0,2291
0,62 0,3292 0,2324
0,63 0,3271 0,2357
0,64 0,3251 0,2389
0,65 0,3230 0,2422
0,66 0,3209 0,2454
0,67 0,3187 0,2486
0,68 0,3166 0,2517
0,69 0,3144 0,2549
0,70 0,3123 0,2580
0,71 0,3101 0,2611
0,72 0,3079 0,2642
0,73 0,3056 0,2673
0,74 0,3034 0,2703
0,75 0,3011 0,2734
0,76 0,2989 0,2764
0,77 0,2966 0,2794
0,78 0,2943 0,2823
0,79 0,2920 0,2852
0,80 0,2897 0,2881
0,81 0,2874 0,2910
0,82 0,2850 0,2939
0,83 0,2827 0,2967
0,84 0,2803 0,2995
0,85 0,2780 0,3023
0,86 0,2756 0,3051
0,87 0,2732 0,3078
0,88 0,2709 0,3106
0,89 0,2685 0,3133
0,90 0,2661 0,3159
0,91 0,2637 0,3186
0,92 0,2613 0,3212
0,93 0,2589 0,3238
0,94 0,2565 0,3264
0,95 0,2541 0,3289
0,96 0,2516 0,3315
0,97 0,2492 0,3340
0,98 0,2468 0,3365
0,99 0,2444 0,3389
1,00 0,2420 0,3413
1,01 0,2396 0,3438
1,02 0,2371 0,3461
1,03 0,2347 0,3485
1,04 0,2323 0,3508
1,05 0,2299 0,3531
1,06 0,2275 0,3554
1,07 0,2251 0,3577
1,08 0,2227 0,3599
1,09 0,2203 0,3621
1,10 0,2179 0,3643
1,11 0,2155 0,3665
1,12 0,2131 0,3686
1,13 0,2107 0,3708
1,14 0,2083 0,3729
1,15 0,2059 0,3749
1,16 0,2036 0,3770
1,17 0,2012 0,3790
1,18 0,1989 0,3810
1,19 0,1965 0,3830
1,20 0,1942 0,3849
1,21 0,1919 0,3869
1,22 0,1895 0,3888
1,23 0,1872 0,3907
1,24 0,1849 0,3925
1,25 0,1826 0,3944
1,26 0,1804 0,3962
1,27 0,1781 0,3980
1,28 0,1758 0,3997
1,29 0,1736 0,4015
1,30 0,1714 0,4032
1,31 0,1691 0,4049
1,32 0,1669 0,4066
1,33 0,1647 0,4082
1,34 0,1626 0,4099
1,35 0,1604 0,4115
1,36 0,1582 0,4131
1,37 0,1561 0,4147
1,38 0,1539 0,4162
1,39 0,1518 0,4177
1,40 0,1497 0,4192
1,41 0,1476 0,4207
1,42 0,1456 0,4222
1,43 0,1435 0,4236
1,44 0,1415 0,4251
1,45 0,1394 0,4265
1,46 0,1374 0,4279
1,47 0,1354 0,4292
1,48 0,1334 0,4306
1,49 0,1315 0,4319
1,50 0,1295 0,4332
1,51 0,1276 0,4345
1,52 0,1257 0,4357
1,53 0,1238 0,4370
1,54 0,1219 0,4382
1,55 0,1200 0,4394
1,56 0,1182 0,4406
1,57 0,1163 0,4418
1,58 0,1145 0,4429
1,59 0,1127 0,4441
1,60 0,1109 0,4452
1,62 0,1074 0,4474
1,64 0,1040 0,4495
1,66 0,1006 0,4515
1,68 0,0973 0,4535
1,69 0,0956 0,4543
1,70 0,0940 0,4554
1,72 0,0909 0,4573
1,74 0,0878 0,4591
1,76 0,0848 0,4608
1,78 0,0818 0,4625
1,80 0,0790 0,4641
1,82 0,0761 0,4656
1,84 0,0734 0,4671
1,86 0,0707 0,4686
1,88 0,0681 0,4699
1,90 0,0656 0,4713
1,92 0,0632 0,4726
1,94 0,0608 0,4738
1,96 0,0584 0,4750
1,98 0,0562 0,4761
2,00 0,0540 0,4772
2,02 0,0519 0,4783
2,04 0,0498 0,4793
2,06 0,0478 0,4803
2,08 0,0459 0,4812
2,10 0,0440 0,4821
2,12 0,0422 0,4830
2,14 0,0404 0,4838
2,16 0,0387 0,4846
2,18 0,0371 0,4854
2,20 0,0355 0,4861
2,22 0,0339 0,4868
2,24 0,0325 0,4875
2,26 0,0310 0,4881
2,28 0,0297 0,4887
2,30 0,0283 0,4893
2,32 0,0270 0,4898
2,34 0,0258 0,4904
2,36 0,0246 0,4909
2,38 0,0235 0,4913
2,40 0,0224 0,4918
2,42 0,0213 0,4922
2,44 0,0203 0,4927
2,46 0,0194 0,4931
2,48 0,0184 0,4934
2,50 0,0175 0,4938
2,52 0,0167 0,4941
2,54 0,0158 0,4945
2,56 0,0151 0,4948
2,57 0,0147 0,4949
2,58 0,0143 0,4951
2,60 0,0136 0,4953
2,62 0,0129 0,4956
2,64 0,0122 0,4959
2,66 0,0116 0,4961
2,68 0,0110 0,4963
2,70 0,0104 0,4965
2,72 0,0099 0,4967
2,74 0,0093 0,4969
2,76 0,0088 0,4971
2,78 0,0084 0,4973
2,80 0,0079 0,4974
2,82 0,0075 0,4976
2,84 0,0071 0,4977
2,86 0,0067 0,4979
2,88 0,0063 0,4980
2,90 0,0060 0,4981
2,92 0,0056 0,4982
2,94 0,0053 0,4984
2,96 0,0050 0,4985
2,98 0,0047 0,4986
3,00 0,00443 0,49865
3,20 0,00238 0,49931
3,40 0,00132 0,49966
3,60 0,00061 0,49984
3,80 0,00029 0,49993
4,00 0,00013 0,499968
4,50 0,000016 0,499997
5,00 0,000002 0,499999
6,00 0,000000 0,500000